(550, 487, 622, 415)  -1.0000
(476, 230, 563, 236)  0.0690
(548, 486, 623, 413)  -0.9733
(477, 243, 601, 261)  0.1452
(512, 255, 582, 272)  0.2429
(315, 403, 378, 466)  1.0000
(350, 382, 366, 311)  -4.4375
(506, 229, 570, 240)  0.1719
(642, 446, 660, 379)  -3.7222
(405, 372, 428, 440)  2.9565
(347, 356, 384, 425)  1.8649
(628, 450, 670, 386)  -1.5238
(515, 247, 595, 259)  0.1500
(535, 482, 599, 458)  -0.3750
(488, 158, 549, 204)  0.7541
(345, 355, 387, 434)  1.8810
(501, 264, 591, 240)  -0.2667
(554, 459, 644, 446)  -0.1444
(512, 265, 594, 240)  -0.3049
(645, 445, 661, 379)  -4.1250
(349, 381, 362, 320)  -4.6923
(642, 445, 660, 378)  -3.7222
(499, 248, 562, 256)  0.1270
(643, 348, 650, 423)  10.7143
